[0,1,0]
-1,-1,0,0|||:d2qxq8pgs28p4
[1,1,0]
-1,0,-1,0|||:d2qxq8pgs28p4
[2,1,0]
1,0,-1,0|||:d2qxq8pgs28p4
[3,1,0]
-1,-1,1,0|||:dbq66sndnfrq7
[0,2,0]
0,1,0,-1|||:d2qxq8pgs28p4
[4,1,0]
-1,-1,-1,0|||:dbq66sndnfrq7
[5,1,0]
0,-1,-1,0|||:dbq66sndnfrq7
[3,2,0]
-1,0,0,-1|||:dbq66sndnfrq7
[4,2,0]
-1,0,-1,-1|||:dbq66sndnfrq7
[5,2,0]
0,0,-1,-1|||:dbq66sndnfrq7
[9,1,2]
-1,0,0,0|||:csao70e2jutpd
[10,1,2]
-1,0,-1,0|||:csao70e2jutpd
[11,1,2]
-1,0,-1,0|||:csao70e2jutpd
[12,1,2]
0,-1,-1,0|||:csao70e2jutpd
[12,2,2]
0,-1,0,-1|||:csao70e2jutpd
[12,3,2]
-1,0,0,-1|||:csao70e2jutpd
[13,3,2]
-1,0,-1,0|||:csao70e2jutpd
[14,3,2]
-1,0,-1,0|||:csao70e2jutpd
[15,3,2]
1,0,-1,0|||:csao70e2jutpd
[16,3,2]
0,0,1,0|||:cu832u1avju30
[-3,2,1]
0,0,0,0|||
[0,3,0]
-1,0,0,1|||:1jf0qd1hdorm
[1,3,0]
-1,0,-1,0|||:1jf0qd1hdorm
[2,3,0]
-1,0,-1,0|||:1jf0qd1hdorm
[3,3,0]
1,0,-1,0|||:1jf0qd1hdorm
[4,3,0]
1,0,1,0|||:clx0l64d6oi0m
[5,3,0]
-1,0,1,0|||:cd2gmmoyuovq8
[6,3,0]
-1,0,-1,0|||:cd2gmmoyuovq8
[7,3,0]
0,0,-1,1|||:cd2gmmoyuovq8
[7,2,0]
0,1,0,0|||:cmayorhall001
